Q2 车型-车速门限摘要
总行数: 50
车型数: 11
速度分箱: 40-60, 60-80, 80-100, 100-120, 120-140, 140-200
全局垂向门限: [0.05, 0.075, 0.15, 0.22]
全局横向门限: [0.03, 0.07, 0.095, 0.23]

样本量最高的前12行:
 车型 speed_bin   样本量  垂加_t1  垂加_t2  垂加_t3  垂加_t4  水加_t1  水加_t2  水加_t3  水加_t4
105   140-200 68359  0.035  0.075 0.1500 0.2200  0.035  0.075  0.095 0.2300
240   100-120 56445  0.035  0.070 0.0875 0.2200  0.030  0.065  0.085 0.2300
105   100-120 40282  0.035  0.075 0.1500 0.2200  0.035  0.070  0.095 0.2300
249   140-200 25497  0.040  0.065 0.1500 0.2200  0.040  0.075  0.095 0.2300
248   140-200 16643  0.035  0.065 0.1500 0.2200  0.055  0.095  0.095 0.2300
240     60-80 15705  0.045  0.085 0.0850 0.2200  0.030  0.055  0.085 0.2300
102     60-80 13215  0.035  0.085 0.1500 0.2200  0.035  0.060  0.100 0.2300
239    80-100 12444  0.050  0.080 0.1400 0.2200  0.050  0.080  0.130 0.2500
239     60-80 12010  0.055  0.080 0.1300 0.2200  0.035  0.070  0.140 0.2525
240    80-100 10782  0.040  0.070 0.0850 0.2200  0.030  0.060  0.080 0.2300
101   100-120 10456  0.060  0.095 0.1400 0.3325  0.050  0.095  0.115 0.3500
103     60-80 10047  0.055  0.115 0.1650 0.2200  0.035  0.060  0.100 0.2300